1 330
2 329
3 328
4 327
5 326
6 325
7 324
8 323
9 322
10 321
11 320
12 319
13 318
14 317
15 316
16 315
17 314
18 313
19 312
20 311
21 310
22 309
23 308
24 307
25 306
26 305
27 304
28 303
29 302
30 301
31 300
32 299
33 298
34 297
35 296
36 295
37 294
38 293
39 292
40 291
41 290
42 289
43 288
44 287
45 286
46 285
47 284
48 283
49 282
50 281
51 280
52 279
53 278
54 277
55 276
56 275
57 274
58 273
59 272
60 271
61 270
62 269
63 268
64 267
65 266
66 265
67 264
68 263
69 262
70 261
71 260
72 259
73 258
74 257
75 256
76 255
77 254
78 253
79 252
80 251
81 250
82 249
83 248
84 247
85 246
86 245
87 244
88 243
89 242
90 241
91 240
92 239
93 238
94 237
95 236
96 235
97 234
98 233
99 232
100 231
101 230
102 229
103 228
104 227
105 226
106 225
107 224
108 223
109 222
110 221
111 220
112 219
113 218
114 217
115 216
116 215
117 214
118 213
119 212
120 211
121 210
122 209
123 208
124 207
125 206
126 205
127 204
128 203
129 202
130 201
131 200
132 199
133 198
134 197
135 196
136 195
137 194
138 193
139 192
140 191
141 190
142 189
143 188
144 187
145 186
146 185
147 184
148 183
149 182
150 181
151 180
152 179
153 178
154 177
155 176
156 175
157 174
158 173
159 172
160 171
161 170
162 169
163 168
164 167
165 166
166 165
167 164
168 163
169 162
170 161
171 160
172 159
173 158
174 157
175 156
176 155
177 154
178 153
179 152
180 151
181 150
182 149
183 148
184 147
185 146
186 145
187 144
188 143
189 142
190 141
191 140
192 139
193 138
194 137
195 136
196 135
197 134
198 133
199 132
200 131
201 130
202 129
203 128
204 127
205 126
206 125
207 124
208 123
209 122
210 121
211 120
212 119
213 118
214 117
215 116
216 115
217 114
218 113
219 112
220 111
221 110
222 109
223 108
224 107
225 106
226 105
227 104
228 103
229 102
230 101
231 100
232 99
233 98
234 97
235 96
236 95
237 94
238 93
239 92
240 91
241 90
242 89
243 88
244 87
245 86
246 85
247 84
248 83
249 82
250 81
251 80
252 79
253 78
254 77
255 76
256 75
257 74
258 73
259 72
260 71
261 70
262 69
263 68
264 67
265 66
266 65
267 64
268 63
269 62
270 61
271 60
272 59
273 58
274 57
275 56
276 55
277 54
278 53
279 52
280 51
281 50
282 49
283 48
284 47
285 46
286 45
287 44
288 43
289 42
290 41
291 40
292 39
293 38
294 37
295 36
296 35
297 34
298 33
299 32
300 31