0 1 1
1 1 2
2 2 4
3 3 7
4 4 11
5 5 16
6 6 22
7 7 29
8 8 37
9 9 46
10 10 56
11 11 67
12 12 79
13 13 92
14 14 106
15 15 121
16 16 137
17 17 154
18 18 172
19 19 191
20 20 211
21 21 232
22 22 254
23 23 277
24 24 301
25 25 326
26 26 352
27 27 379
28 28 407
29 29 436
30 30 466
31 31 497
32 32 529
33 33 562
34 34 596
35 35 631
36 36 667
37 37 704
38 38 742
39 39 781
40 40 821
41 41 862
42 42 904
43 43 947
44 44 991
45 45 1036
46 46 1082
47 47 1129
48 48 1177
49 49 1226
50 50 1276
51 51 1327
52 52 1379
53 53 1432
54 54 1486
55 55 1541
56 56 1597
57 57 1654
58 58 1712
59 59 1771
60 60 1831
61 61 1892
62 62 1954
63 63 2017
64 64 2081
65 65 2146
66 66 2212
67 67 2279
68 68 2347
69 69 2416
70 70 2486
71 71 2557
72 72 2629
73 73 2702
74 74 2776
75 75 2851
76 76 2927
77 77 3004
78 78 3082
79 79 3161
80 80 3241
81 81 3322
82 82 3404
83 83 3487
84 84 3571
85 85 3656
86 86 3742
87 87 3829
88 88 3917
89 89 4006
90 90 4096
91 91 4187
92 92 4279
93 93 4372
94 94 4466
95 95 4561
96 96 4657
97 97 4754
98 98 4852
99 99 4951
100 100 5051
101 101 5152
102 102 5254
103 103 5357
104 104 5461
105 105 5566
106 106 5672
107 107 5779
108 108 5887
109 109 5996
110 110 6106
111 111 6217
112 112 6329
113 113 6442
114 114 6556
115 115 6671
116 116 6787
117 117 6904
118 118 7022
119 119 7141
120 120 7261
121 121 7382
122 122 7504
123 123 7627
124 124 7751
125 125 7876
126 126 8002
127 127 8129
128 128 8257
129 129 8386
130 130 8516
131 131 8647
132 132 8779
133 133 8912
134 134 9046
135 135 9181
136 136 9317
137 137 9454
138 138 9592
139 139 9731
140 140 9871
141 141 10012
142 142 10154
143 143 10297
144 144 10441
145 145 10586
146 146 10732
147 147 10879
148 148 11027
149 149 11176
150 150 11326
151 151 11477
152 152 11629
153 153 11782
154 154 11936
155 155 12091
156 156 12247
157 157 12404
158 158 12562
159 159 12721
160 160 12881
161 161 13042
162 162 13204
163 163 13367
164 164 13531
165 165 13696
166 166 13862
167 167 14029
168 168 14197
169 169 14366
170 170 14536
171 171 14707
172 172 14879
173 173 15052
174 174 15226
175 175 15401
176 176 15577
177 177 15754
178 178 15932
179 179 16111
180 180 16291
181 181 16472
182 182 16654
183 183 16837
184 184 17021
185 185 17206
186 186 17392
187 187 17579
188 188 17767
189 189 17956
190 190 18146
191 191 18337
192 192 18529
193 193 18722
194 194 18916
195 195 19111
196 196 19307
197 197 19504
198 198 19702
199 199 19901
200 200 20101
201 201 20302
202 202 20504
203 203 20707
204 204 20911
205 205 21116
206 206 21322
207 207 21529
208 208 21737
209 209 21946
210 210 22156
211 211 22367
212 212 22579
213 213 22792
214 214 23006
215 215 23221
216 216 23437
217 217 23654
218 218 23872
219 219 24091
220 220 24311
221 221 24532
222 222 24754
223 223 24977
224 224 25201
225 225 25426
226 226 25652
227 227 25879
228 228 26107
229 229 26336
230 230 26566
231 231 26797
232 232 27029
233 233 27262
234 234 27496
235 235 27731
236 236 27967
237 237 28204
238 238 28442
239 239 28681
240 240 28921
241 241 29162
242 242 29404
243 243 29647
244 244 29891
245 245 30136
246 246 30382
247 247 30629
248 248 30877
249 249 31126
250 250 31376
251 251 31627
252 252 31879
253 253 32132
254 254 32386
255 255 32641
256 256 32897
257 257 33154
258 258 33412
259 259 33671
260 260 33931
261 261 34192
262 262 34454
263 263 34717
264 264 34981
265 265 35246
266 266 35512
267 267 35779
268 268 36047
269 269 36316
270 270 36586
271 271 36857
272 272 37129
273 273 37402
274 274 37676
275 275 37951
276 276 38227
277 277 38504
278 278 38782
279 279 39061
280 280 39341
281 281 39622
282 282 39904
283 283 40187
284 284 40471
285 285 40756
286 286 41042
287 287 41329
288 288 41617
289 289 41906
290 290 42196
291 291 42487
292 292 42779
293 293 43072
294 294 43366
295 295 43661
296 296 43957
297 297 44254
298 298 44552
299 299 44851
