0 1 1
1 2 3
2 2 5
3 3 8
4 3 11
5 3 14
6 3 17
7 4 21
8 4 25
9 4 29
10 4 33
11 4 37
12 4 41
13 4 45
14 4 49
15 5 54
16 5 59
17 5 64
18 5 69
19 5 74
20 5 79
21 5 84
22 5 89
23 5 94
24 5 99
25 5 104
26 5 109
27 5 114
28 5 119
29 5 124
30 5 129
31 6 135
32 6 141
33 6 147
34 6 153
35 6 159
36 6 165
37 6 171
38 6 177
39 6 183
40 6 189
41 6 195
42 6 201
43 6 207
44 6 213
45 6 219
46 6 225
47 6 231
48 6 237
49 6 243
50 6 249
51 6 255
52 6 261
53 6 267
54 6 273
55 6 279
56 6 285
57 6 291
58 6 297
59 6 303
60 6 309
61 6 315
62 6 321
63 7 328
64 7 335
65 7 342
66 7 349
67 7 356
68 7 363
69 7 370
70 7 377
71 7 384
72 7 391
73 7 398
74 7 405
75 7 412
76 7 419
77 7 426
78 7 433
79 7 440
80 7 447
81 7 454
82 7 461
83 7 468
84 7 475
85 7 482
86 7 489
87 7 496
88 7 503
89 7 510
90 7 517
91 7 524
92 7 531
93 7 538
94 7 545
95 7 552
96 7 559
97 7 566
98 7 573
99 7 580
100 7 587
101 7 594
102 7 601
103 7 608
104 7 615
105 7 622
106 7 629
107 7 636
108 7 643
109 7 650
110 7 657
111 7 664
112 7 671
113 7 678
114 7 685
115 7 692
116 7 699
117 7 706
118 7 713
119 7 720
120 7 727
121 7 734
122 7 741
123 7 748
124 7 755
125 7 762
126 7 769
127 8 777
128 8 785
129 8 793
130 8 801
131 8 809
132 8 817
133 8 825
134 8 833
135 8 841
136 8 849
137 8 857
138 8 865
139 8 873
140 8 881
141 8 889
142 8 897
143 8 905
144 8 913
145 8 921
146 8 929
147 8 937
148 8 945
149 8 953
150 8 961
151 8 969
152 8 977
153 8 985
154 8 993
155 8 1001
156 8 1009
157 8 1017
158 8 1025
159 8 1033
160 8 1041
161 8 1049
162 8 1057
163 8 1065
164 8 1073
165 8 1081
166 8 1089
167 8 1097
168 8 1105
169 8 1113
170 8 1121
171 8 1129
172 8 1137
173 8 1145
174 8 1153
175 8 1161
176 8 1169
177 8 1177
178 8 1185
179 8 1193
180 8 1201
181 8 1209
182 8 1217
183 8 1225
184 8 1233
185 8 1241
186 8 1249
187 8 1257
188 8 1265
189 8 1273
190 8 1281
191 8 1289
192 8 1297
193 8 1305
194 8 1313
195 8 1321
196 8 1329
197 8 1337
198 8 1345
199 8 1353
200 8 1361
201 8 1369
202 8 1377
203 8 1385
204 8 1393
205 8 1401
206 8 1409
207 8 1417
208 8 1425
209 8 1433
210 8 1441
211 8 1449
212 8 1457
213 8 1465
214 8 1473
215 8 1481
216 8 1489
217 8 1497
218 8 1505
219 8 1513
220 8 1521
221 8 1529
222 8 1537
223 8 1545
224 8 1553
225 8 1561
226 8 1569
227 8 1577
228 8 1585
229 8 1593
230 8 1601
231 8 1609
232 8 1617
233 8 1625
234 8 1633
235 8 1641
236 8 1649
237 8 1657
238 8 1665
239 8 1673
240 8 1681
241 8 1689
242 8 1697
243 8 1705
244 8 1713
245 8 1721
246 8 1729
247 8 1737
248 8 1745
249 8 1753
250 8 1761
251 8 1769
252 8 1777
253 8 1785
254 8 1793
255 9 1802
256 9 1811
257 9 1820
258 9 1829
259 9 1838
260 9 1847
261 9 1856
262 9 1865
263 9 1874
264 9 1883
265 9 1892
266 9 1901
267 9 1910
268 9 1919
269 9 1928
270 9 1937
271 9 1946
272 9 1955
273 9 1964
274 9 1973
275 9 1982
276 9 1991
277 9 2000
278 9 2009
279 9 2018
280 9 2027
281 9 2036
282 9 2045
283 9 2054
284 9 2063
285 9 2072
286 9 2081
287 9 2090
288 9 2099
289 9 2108
290 9 2117
291 9 2126
292 9 2135
293 9 2144
294 9 2153
295 9 2162
296 9 2171
297 9 2180
298 9 2189
299 9 2198
